[gd_resource type="Resource" script_class="R_GameState" format=3]

[ext_resource type="Script" path="res://component/gamestate/R_GameStateNodeInstance.gd" id="1_sgjlh"]
[ext_resource type="Resource" path="res://src/objects/item/weapon/crowbar.tres" id="2_6qlg0"]
[ext_resource type="PackedScene" path="res://scenes/prefabs/object/item/weapon/crowbar/crowbar_world.tscn" id="3_6nm6q"]
[ext_resource type="Script" path="res://component/gamestate/R_GameState.gd" id="4_gqcdb"]

[sub_resource type="Resource" id="Resource_quro6"]
script = ExtResource("1_sgjlh")
_data = {
"objects": {
&"InteractAction": {},
&"Object": {
&"0": {
0: ExtResource("3_6nm6q"),
1: Transform3D(1, 0, 0, 0, 0.15747333, 0.98752326, 0, -0.98752326, 0.15747333, 16.169369, 0.89218396, -0.76837003),
2: {
0: ExtResource("2_6qlg0")
}
},
&"1": {
0: ExtResource("3_6nm6q"),
1: Transform3D(1, 0, 0, 0, 0.1574732, 0.98752326, 0, -0.98752326, 0.1574732, 16.169369, 0.8921838, 0.23163725),
2: {
0: ExtResource("2_6qlg0")
}
},
&"2": {
0: ExtResource("3_6nm6q"),
1: Transform3D(1, 0, 0, 0, 0.15747285, 0.9875234, 0, -0.9875234, 0.15747285, 16.169369, 0.89218354, 1.2316351),
2: {
0: ExtResource("2_6qlg0")
}
},
&"3": {
0: ExtResource("3_6nm6q"),
1: Transform3D(1, 0, 0, 0, 0.1574732, 0.98752326, 0, -0.98752326, 0.1574732, 16.169369, 0.8921839, 2.231632),
2: {
0: ExtResource("2_6qlg0")
}
}
},
&"Player": {},
&"Ui": {}
}
}

[sub_resource type="Resource" id="Resource_0yxqj"]
script = ExtResource("1_sgjlh")
_data = {
0: 100.0,
1: 100.0
}

[resource]
script = ExtResource("4_gqcdb")
_instances = Dictionary[String, ExtResource("1_sgjlh")]({
"/root/Game/LevelHolder/main_level": SubResource("Resource_quro6"),
"/root/Game/LevelHolder/main_level/GroupsNetworked/Player/0/CT_Health": SubResource("Resource_0yxqj")
})
