[gd_resource type="Resource" script_class="R_GameState" format=3 uid="uid://bovy56umaioyu"]

[ext_resource type="Script" uid="uid://bafy85bvs2gyl" path="res://component/gamestate/R_GameStateNodeInstance.gd" id="1_j20hj"]
[ext_resource type="PackedScene" uid="uid://67y8e2hng6vf" path="res://scenes/prefabs/object/item/weapon/crowbar/crowbar_world.tscn" id="2_sgjlh"]
[ext_resource type="Script" uid="uid://bvhxcyn7j2wff" path="res://component/gamestate/R_GameState.gd" id="3_6qlg0"]

[sub_resource type="Resource" id="Resource_6nm6q"]
script = ExtResource("1_j20hj")
_data = {
"objects": {
&"InteractAction": {},
&"Object": {
&"0": {
0: ExtResource("2_sgjlh"),
1: Transform3D(0.99852073, 0.008289017, 0.053736992, -0.054372378, 0.14988977, 0.9872065, 0.0001283437, -0.988668, 0.15011877, -0.019960076, 0.6273412, 3.6596131)
},
&"1": {
0: ExtResource("2_sgjlh"),
1: Transform3D(0.99998206, -0.0007868693, -0.005935798, 0.0059877187, 0.13295048, 0.9911046, 9.297859e-06, -0.99112236, 0.13295281, -0.027937805, 0.6229168, 4.2120686)
},
&"2": {
0: ExtResource("2_sgjlh"),
1: Transform3D(0.99863285, -0.007983329, -0.051659092, 0.052272134, 0.14989859, 0.98731863, -0.00013846345, -0.98866916, 0.15011096, -0.034160025, 0.62735873, 4.6952114)
},
&"3": {
0: ExtResource("2_sgjlh"),
1: Transform3D(0.9999992, 0.00018672465, 0.0012075813, -0.0012219278, 0.15012062, 0.988667, 3.3255783e-06, -0.9886677, 0.15012074, -0.027035283, 0.62749875, 5.243367)
},
&"4": {
0: ExtResource("2_sgjlh"),
1: Transform3D(0.99989486, 0.0022340612, 0.01432895, -0.014501949, 0.1501044, 0.98856384, 5.767215e-05, -0.98866767, 0.15012103, -0.025255153, 0.62748706, 5.8177013)
},
&"5": {
0: ExtResource("2_sgjlh"),
1: Transform3D(0.9999942, 0.00048773747, 0.0033615925, -0.0033966643, 0.1350227, 0.9908366, 2.937694e-05, -0.99084234, 0.1350236, -0.0267556, 0.62348044, 6.5026064)
}
},
&"Ui": {}
}
}

[sub_resource type="Resource" id="Resource_gqcdb"]
script = ExtResource("1_j20hj")
_data = {
0: 25.0,
1: 25.0
}

[resource]
script = ExtResource("3_6qlg0")
_instances = Dictionary[String, ExtResource("1_j20hj")]({
"/root/Game/LevelHolder/main_level": SubResource("Resource_6nm6q"),
"/root/Game/LevelHolder/main_level/Prefabs/MainLevel/Players/0/CT_Health": SubResource("Resource_gqcdb")
})
